0.27 0.40 0.71 94%
0.40 0.04 0.37 121%
0.33 0.10 0.36 120%
0.39 0.07 0.39 119%
0.37 0.07 0.38 118%
0.34 0.09 0.36 121%
0.36 0.09 0.37 121%
0.29 0.15 0.36 120%
0.39 0.04 0.36 119%
0.34 0.08 0.36 119%
0.38 0.05 0.36 120%
0.35 0.08 0.35 121%
0.38 0.04 0.35 120%
0.31 0.11 0.36 120%
0.30 0.12 0.36 120%
0.32 0.11 0.36 119%
0.33 0.10 0.37 119%
0.35 0.08 0.37 119%
0.37 0.07 0.36 121%
0.36 0.07 0.36 120%
0.32 0.11 0.36 119%
0.37 0.06 0.37 119%
0.32 0.11 0.36 119%
0.35 0.08 0.36 120%
0.33 0.10 0.36 120%
0.39 0.04 0.36 121%
0.39 0.05 0.36 122%
0.33 0.10 0.36 119%
0.37 0.06 0.36 120%
0.34 0.08 0.35 119%
0.34 0.09 0.36 120%
0.33 0.10 0.36 120%
0.39 0.04 0.37 119%
0.34 0.09 0.36 119%
0.34 0.08 0.36 118%
0.37 0.06 0.36 120%
0.34 0.11 0.37 122%
0.34 0.09 0.36 121%
0.38 0.05 0.36 119%
0.38 0.05 0.36 121%
0.37 0.07 0.38 117%
0.35 0.08 0.36 119%
0.36 0.08 0.36 120%
0.34 0.09 0.36 119%
0.38 0.08 0.39 116%
0.39 0.04 0.36 120%
0.34 0.09 0.36 120%
0.35 0.07 0.36 119%
0.33 0.09 0.36 120%
0.40 0.02 0.36 119%
0.34 0.09 0.36 120%
0.35 0.10 0.39 118%
0.35 0.08 0.36 120%
0.37 0.07 0.37 120%
0.31 0.11 0.36 120%
0.37 0.08 0.38 119%
0.39 0.07 0.39 118%
0.39 0.06 0.37 120%
0.41 0.02 0.36 120%
0.33 0.12 0.38 118%
0.37 0.08 0.37 120%
0.38 0.06 0.36 120%
0.35 0.10 0.38 118%
0.39 0.04 0.36 120%
0.35 0.10 0.37 120%
0.40 0.04 0.37 118%
0.38 0.05 0.36 120%
0.39 0.04 0.36 119%
0.40 0.04 0.37 119%
0.35 0.08 0.36 118%
0.35 0.09 0.37 120%
0.39 0.05 0.37 117%
0.37 0.06 0.36 120%
0.39 0.06 0.38 118%
0.35 0.08 0.37 119%
0.40 0.04 0.36 122%
0.37 0.07 0.37 119%
0.37 0.06 0.36 120%
0.37 0.06 0.36 120%
0.32 0.12 0.37 119%
0.33 0.11 0.36 122%
0.38 0.06 0.37 120%
0.36 0.08 0.37 118%
0.35 0.08 0.36 120%
0.41 0.03 0.37 120%
0.35 0.09 0.36 121%
0.35 0.09 0.36 121%
0.35 0.08 0.36 119%
0.34 0.10 0.37 119%
0.40 0.04 0.38 118%
0.39 0.05 0.37 120%
0.35 0.08 0.37 119%
0.34 0.09 0.35 120%
0.38 0.07 0.37 121%
0.38 0.04 0.36 119%
0.32 0.11 0.37 119%
0.39 0.04 0.36 119%
0.40 0.04 0.37 120%
0.36 0.08 0.36 120%
0.32 0.12 0.36 121%
0.37 0.06 0.36 119%
0.32 0.11 0.37 119%
0.38 0.06 0.37 120%
0.37 0.07 0.37 118%
0.37 0.08 0.37 121%
0.34 0.10 0.36 120%
0.36 0.08 0.37 119%
0.34 0.09 0.36 119%
0.37 0.06 0.36 119%
0.38 0.06 0.37 120%
0.39 0.04 0.36 121%
0.33 0.11 0.38 118%
0.35 0.09 0.37 119%
0.36 0.10 0.38 121%
0.33 0.11 0.36 121%
0.39 0.04 0.36 120%
0.34 0.10 0.36 121%
0.36 0.07 0.37 119%
0.37 0.06 0.36 120%
0.35 0.08 0.36 120%
0.37 0.06 0.36 120%
0.34 0.09 0.36 120%
0.39 0.04 0.36 119%
0.39 0.04 0.36 120%
0.40 0.03 0.36 119%
0.38 0.05 0.36 122%
0.33 0.11 0.36 122%
0.40 0.03 0.36 119%
0.37 0.05 0.37 117%
0.34 0.08 0.36 118%
0.38 0.04 0.36 118%
0.34 0.10 0.37 121%
0.30 0.13 0.36 120%
0.40 0.02 0.36 119%
0.40 0.03 0.36 119%
0.39 0.05 0.37 119%
0.38 0.06 0.37 120%
0.34 0.08 0.35 120%
0.34 0.09 0.36 119%
0.37 0.06 0.36 119%
0.39 0.04 0.36 120%
0.35 0.08 0.36 120%
0.34 0.08 0.36 118%
0.33 0.10 0.36 119%
0.42 0.02 0.37 120%
0.38 0.06 0.37 118%
0.38 0.06 0.37 121%
0.40 0.04 0.37 120%
0.34 0.10 0.37 119%
0.37 0.07 0.36 121%
0.35 0.08 0.36 119%
0.35 0.09 0.37 120%
0.39 0.04 0.36 119%
0.37 0.05 0.36 120%
0.36 0.07 0.36 120%
0.28 0.14 0.35 119%
0.36 0.08 0.36 121%
0.37 0.07 0.37 120%
0.37 0.05 0.36 119%
0.36 0.07 0.36 119%
0.38 0.05 0.36 118%
0.37 0.07 0.36 122%
0.35 0.08 0.36 119%
0.36 0.07 0.36 119%
0.38 0.05 0.37 119%
0.38 0.04 0.36 117%
0.35 0.07 0.36 119%
0.36 0.08 0.36 120%
0.35 0.08 0.36 119%
0.37 0.06 0.36 120%
0.37 0.05 0.36 119%
0.37 0.06 0.37 117%
0.33 0.10 0.36 121%
0.39 0.04 0.36 120%
0.33 0.11 0.37 119%
0.32 0.11 0.36 120%
0.37 0.08 0.38 119%
0.37 0.06 0.36 121%
0.37 0.07 0.36 120%
0.31 0.12 0.36 120%
0.34 0.08 0.36 119%
0.33 0.11 0.37 121%
0.33 0.10 0.36 121%
0.38 0.05 0.36 121%
0.53 0.11 0.57 115%
0.34 0.09 0.36 120%
0.34 0.10 0.36 121%
0.33 0.11 0.36 121%
0.37 0.06 0.36 120%
0.37 0.06 0.37 119%
0.34 0.10 0.37 120%
0.34 0.09 0.37 119%
0.37 0.06 0.36 119%
0.36 0.07 0.36 121%
0.38 0.04 0.35 120%
0.38 0.05 0.36 120%
0.36 0.06 0.36 117%
0.37 0.06 0.35 120%
0.35 0.08 0.36 120%
0.35 0.08 0.36 120%
0.37 0.06 0.36 121%
0.35 0.08 0.36 120%
0.37 0.07 0.37 121%
0.35 0.08 0.36 120%
0.40 0.03 0.37 119%
0.38 0.06 0.37 120%
0.40 0.05 0.38 119%
0.35 0.09 0.37 119%
0.33 0.10 0.36 118%
0.38 0.06 0.37 118%
0.39 0.05 0.37 119%
0.35 0.07 0.35 119%
0.34 0.08 0.36 119%
0.38 0.06 0.37 121%
0.38 0.06 0.36 121%
0.34 0.09 0.36 120%
0.37 0.07 0.37 119%
0.38 0.05 0.36 120%
0.32 0.12 0.38 116%
0.33 0.10 0.37 118%
0.38 0.05 0.37 119%
0.35 0.08 0.36 120%
0.38 0.06 0.36 122%
0.39 0.04 0.36 120%
0.40 0.03 0.36 121%
0.36 0.07 0.36 119%
0.34 0.09 0.36 121%
0.37 0.06 0.36 120%
0.39 0.04 0.36 120%
0.32 0.11 0.36 120%
0.36 0.08 0.37 119%
0.37 0.06 0.37 119%
0.34 0.12 0.38 119%
0.31 0.12 0.36 119%
0.34 0.09 0.36 119%
0.33 0.10 0.36 119%
0.39 0.05 0.36 120%
0.35 0.07 0.36 119%
0.39 0.04 0.36 120%
0.36 0.07 0.36 119%
0.36 0.06 0.36 119%
0.33 0.09 0.36 120%
0.38 0.06 0.37 120%
0.39 0.05 0.37 120%
0.37 0.07 0.36 121%
0.35 0.09 0.37 119%
0.35 0.10 0.38 118%
0.31 0.12 0.36 121%
0.30 0.13 0.36 119%
0.36 0.07 0.36 119%
0.39 0.04 0.36 118%
0.38 0.04 0.36 119%
0.37 0.05 0.36 119%
0.31 0.11 0.36 118%
0.38 0.05 0.36 120%
0.34 0.09 0.36 119%
0.38 0.05 0.36 118%
0.34 0.09 0.36 119%
0.40 0.03 0.37 118%
0.40 0.04 0.37 119%
0.37 0.06 0.36 122%
0.30 0.12 0.36 119%
0.39 0.04 0.37 120%
0.31 0.12 0.36 119%
0.39 0.03 0.36 119%
0.34 0.09 0.36 119%
0.39 0.04 0.37 118%
0.34 0.09 0.36 120%
0.36 0.08 0.36 121%
0.37 0.06 0.36 119%
0.38 0.05 0.37 117%
0.35 0.09 0.37 118%
0.33 0.11 0.37 117%
0.37 0.06 0.37 117%
0.39 0.04 0.36 119%
0.35 0.09 0.38 118%
0.34 0.09 0.37 119%
0.34 0.09 0.36 119%
0.37 0.05 0.36 119%
0.33 0.11 0.37 119%
0.35 0.07 0.36 119%
0.35 0.09 0.36 120%
0.36 0.08 0.37 120%
0.34 0.08 0.36 119%
0.30 0.12 0.36 119%
0.35 0.08 0.36 119%
0.32 0.11 0.35 121%
0.36 0.07 0.36 119%
0.32 0.11 0.36 120%
0.37 0.06 0.36 119%
0.35 0.08 0.36 120%
0.35 0.08 0.36 120%
0.31 0.12 0.36 120%
0.34 0.09 0.36 120%
0.39 0.05 0.36 122%
0.33 0.09 0.36 119%
0.30 0.13 0.36 119%
0.38 0.04 0.36 120%
0.34 0.09 0.36 120%
0.32 0.11 0.36 118%
0.35 0.08 0.37 120%
0.32 0.11 0.36 120%
0.37 0.07 0.37 119%
0.36 0.07 0.36 118%
0.34 0.10 0.37 117%
0.31 0.12 0.37 119%
0.36 0.08 0.36 120%
0.34 0.10 0.37 119%
0.33 0.10 0.36 118%
0.38 0.05 0.36 119%
0.34 0.10 0.36 121%
0.40 0.03 0.36 119%
0.35 0.08 0.36 119%
0.36 0.08 0.37 120%
0.36 0.07 0.36 121%
0.36 0.08 0.37 119%
0.36 0.07 0.37 118%
0.38 0.05 0.37 119%
0.37 0.07 0.37 118%
0.34 0.08 0.36 119%
0.34 0.09 0.36 120%
0.33 0.10 0.36 119%
0.35 0.09 0.37 120%
0.40 0.04 0.36 121%
0.41 0.03 0.36 121%
0.32 0.10 0.36 119%
0.36 0.07 0.36 121%
0.34 0.10 0.37 120%
0.41 0.02 0.36 120%
0.39 0.05 0.36 119%
0.36 0.07 0.36 119%
0.37 0.06 0.37 118%
0.39 0.04 0.36 119%
0.40 0.03 0.36 119%
0.34 0.09 0.36 121%
0.38 0.07 0.38 117%
0.34 0.09 0.37 119%
0.35 0.09 0.37 120%
0.33 0.10 0.36 119%
0.32 0.11 0.36 119%
0.33 0.10 0.36 118%
0.40 0.03 0.37 119%
0.36 0.08 0.36 121%
0.33 0.11 0.37 120%
0.32 0.11 0.37 119%
0.34 0.09 0.36 121%
0.38 0.05 0.36 121%
0.38 0.06 0.37 120%
0.35 0.08 0.36 120%
0.35 0.08 0.36 118%
0.33 0.12 0.37 122%
0.35 0.09 0.37 120%
0.38 0.07 0.38 119%
0.34 0.09 0.36 118%
0.37 0.07 0.36 120%
0.34 0.09 0.36 119%
0.36 0.06 0.36 119%
0.37 0.07 0.37 121%
0.41 0.02 0.36 119%
0.37 0.06 0.36 120%
0.34 0.08 0.35 120%
0.31 0.11 0.36 119%
0.34 0.10 0.36 120%
0.38 0.06 0.36 121%
0.38 0.06 0.37 119%
0.37 0.06 0.36 120%
0.37 0.07 0.37 118%
0.34 0.08 0.36 117%
0.36 0.07 0.36 119%
0.37 0.06 0.37 118%
0.32 0.11 0.36 120%
0.40 0.03 0.36 120%
0.35 0.08 0.37 119%
0.38 0.04 0.35 119%
0.34 0.09 0.37 118%
0.36 0.06 0.37 117%
0.34 0.10 0.37 122%
0.38 0.06 0.36 121%
0.40 0.04 0.37 119%
0.32 0.11 0.37 119%
0.34 0.09 0.37 119%
0.38 0.05 0.36 120%
0.38 0.05 0.37 119%
0.40 0.03 0.36 120%
0.38 0.07 0.37 120%
0.38 0.06 0.37 118%
0.36 0.07 0.36 120%
0.37 0.05 0.36 119%
0.36 0.07 0.36 119%
0.39 0.05 0.36 120%
0.38 0.05 0.36 120%
0.37 0.07 0.37 119%
0.37 0.07 0.37 120%
0.39 0.04 0.36 120%
0.35 0.07 0.36 120%
0.40 0.03 0.36 121%
0.33 0.09 0.35 118%
0.36 0.08 0.37 119%
0.31 0.12 0.36 119%
0.38 0.07 0.37 120%
0.33 0.11 0.37 120%
0.34 0.09 0.37 117%
0.35 0.07 0.36 119%
0.32 0.12 0.36 122%
0.34 0.09 0.36 120%
0.36 0.07 0.36 119%
0.32 0.10 0.36 118%
0.37 0.07 0.36 120%
0.38 0.05 0.37 119%
0.38 0.05 0.36 118%
0.35 0.08 0.36 120%
0.33 0.10 0.36 119%
0.36 0.07 0.36 119%
0.35 0.08 0.36 120%
0.36 0.07 0.36 120%
0.35 0.09 0.37 119%
0.37 0.07 0.37 120%
0.34 0.09 0.36 120%
0.33 0.11 0.36 120%
0.36 0.08 0.36 120%
0.39 0.04 0.36 120%
0.38 0.04 0.37 115%
0.34 0.10 0.37 120%
0.41 0.03 0.37 122%
0.33 0.10 0.36 120%
0.34 0.09 0.36 118%
0.39 0.04 0.36 121%
0.34 0.08 0.35 119%
0.40 0.03 0.36 119%
0.38 0.05 0.37 118%
0.34 0.09 0.36 118%
0.37 0.05 0.35 120%
0.33 0.09 0.36 119%
0.30 0.14 0.37 119%
0.35 0.08 0.36 119%
0.41 0.01 0.35 119%
0.36 0.07 0.36 119%
0.38 0.05 0.36 121%
0.33 0.10 0.36 120%
0.38 0.04 0.36 119%
0.35 0.08 0.36 119%
0.36 0.07 0.36 118%
0.36 0.08 0.36 121%
0.37 0.07 0.37 119%
0.37 0.05 0.35 120%
0.32 0.11 0.36 119%
0.40 0.03 0.36 119%
0.39 0.04 0.36 118%
0.35 0.08 0.36 120%
0.33 0.10 0.35 121%
0.36 0.06 0.36 118%
0.33 0.11 0.37 120%
0.38 0.06 0.37 120%
0.34 0.09 0.35 120%
0.39 0.04 0.37 119%
0.36 0.08 0.36 119%
0.39 0.04 0.37 120%
0.38 0.04 0.36 119%
0.36 0.07 0.36 118%
0.34 0.08 0.35 119%
0.35 0.08 0.36 118%
0.38 0.05 0.36 118%
0.33 0.08 0.35 118%
0.34 0.09 0.36 120%
0.31 0.11 0.36 119%
0.32 0.10 0.36 120%
0.33 0.11 0.36 120%
0.35 0.08 0.36 119%
0.40 0.03 0.36 119%
0.38 0.05 0.36 120%
0.35 0.07 0.36 119%
0.35 0.08 0.36 119%
0.33 0.11 0.36 121%
0.38 0.04 0.35 120%
0.36 0.07 0.37 118%
0.35 0.08 0.36 121%
0.38 0.04 0.36 117%
0.36 0.07 0.36 121%
0.33 0.11 0.36 120%
0.39 0.04 0.36 119%
0.36 0.06 0.35 120%
0.36 0.07 0.36 119%
0.38 0.05 0.36 119%
0.30 0.12 0.36 117%
0.38 0.05 0.37 118%
0.40 0.03 0.36 120%
0.36 0.08 0.36 120%
0.37 0.05 0.36 118%
0.34 0.08 0.36 119%
0.35 0.09 0.37 119%
0.37 0.05 0.36 118%
0.40 0.04 0.36 119%
0.39 0.04 0.35 122%
0.38 0.06 0.37 119%
0.35 0.08 0.36 119%
0.40 0.04 0.36 120%
0.36 0.08 0.37 118%
0.33 0.10 0.37 118%
0.36 0.08 0.37 118%
0.38 0.05 0.36 119%
